1.000000e+00 -2.081668e-17 -3.469447e-17 5.551115e-17 0.000000e+00 -1.387779e-17 0.000000e+00 5.551115e-17 5.551115e-17 2.775558e-17 -1.110223e-16 2.775558e-17 -1.110223e-16 -4.163336e-17
-1.387779e-17 1.000000e+00 5.551115e-17 4.163336e-17 -1.387779e-17 -2.775558e-17 2.775558e-17 -5.551115e-17 -2.775558e-17 2.775558e-17 -2.775558e-17 1.526557e-16 6.938894e-17 4.163336e-17
0.000000e+00 1.387779e-17 1.000000e+00 -2.775558e-17 -2.775558e-17 4.163336e-17 1.110223e-16 -5.030698e-17 6.938894e-17 2.775558e-17 5.551115e-17 1.110223e-16 5.551115e-17 4.163336e-17
-5.551115e-17 -1.040834e-17 -2.775558e-17 1.000000e+00 8.326673e-17 -2.775558e-17 -2.775558e-17 2.775558e-17 -2.775558e-17 -2.775558e-17 -8.673617e-17 -1.387779e-16 4.163336e-17 2.775558e-17
-2.081668e-17 -4.163336e-17 -2.775558e-17 -1.387779e-17 1.000000e+00 -1.387779e-17 -2.775558e-17 6.938894e-17 8.326673e-17 -4.857226e-17 5.551115e-17 -3.469447e-17 5.551115e-17 -1.387779e-16
-5.551115e-17 -1.387779e-17 -2.775558e-17 -9.714451e-17 1.387779e-17 1.000000e+00 -4.163336e-17 -2.775558e-17 -5.551115e-17 1.387779e-17 -1.110223e-16 0.000000e+00 -2.081668e-17 5.551115e-17
2.775558e-17 -2.775558e-17 0.000000e+00 -6.938894e-17 6.938894e-18 -4.163336e-17 1.000000e+00 -2.775558e-17 -7.632783e-17 -1.595946e-16 -6.245005e-17 3.469447e-17 -5.551115e-17 -5.551115e-17
0.000000e+00 -8.326673e-17 5.551115e-17 8.326673e-17 -2.081668e-17 -8.326673e-17 5.204170e-17 1.000000e+00 5.551115e-17 -8.326673e-17 -6.938894e-18 0.000000e+00 2.775558e-17 -4.857226e-17
5.551115e-17 4.163336e-17 6.938894e-17 5.551115e-17 -1.387779e-17 -5.551115e-17 -5.551115e-17 -6.938894e-18 1.000000e+00 0.000000e+00 5.551115e-17 -2.775558e-17 2.775558e-17 -6.938894e-17
2.775558e-17 5.551115e-17 1.249001e-16 1.387779e-17 -6.938894e-17 3.122502e-17 -2.081668e-17 0.000000e+00 6.938894e-18 1.000000e+00 -9.020562e-17 -8.326673e-17 -8.326673e-17 2.775558e-17
-5.551115e-17 -3.469447e-17 1.110223e-16 -5.551115e-17 4.163336e-17 -8.326673e-17 -2.081668e-17 4.163336e-17 5.551115e-17 -1.387779e-17 1.000000e+00 5.551115e-17 3.122502e-17 -1.110223e-16
1.110223e-16 1.526557e-16 1.387779e-17 -1.110223e-16 -5.551115e-17 0.000000e+00 0.000000e+00 2.775558e-17 -5.551115e-17 -1.665335e-16 0.000000e+00 1.000000e+00 6.938894e-17 8.326673e-17
-6.938894e-17 1.387779e-16 2.775558e-17 5.551115e-17 0.000000e+00 -1.387779e-17 -5.551115e-17 -2.775558e-17 5.551115e-17 -5.551115e-17 4.857226e-17 2.775558e-17 1.000000e+00 -1.040834e-16
0.000000e+00 3.469447e-17 5.551115e-17 4.857226e-17 -1.942890e-16 -5.551115e-17 -2.775558e-17 -2.775558e-17 -6.245005e-17 5.551115e-17 -8.326673e-17 2.567391e-16 0.000000e+00 1.000000e+00
